9253
5048
1259
1087
8596
434
6330
4965
9283
4338
7526
5112
6326
4540
7065
9889
2780
204
5931
9816
5123
2707
9465
547
1194
1648
1794
8271
3697
4006
8337
9129
6205
1967
4261
1946
4073
5693
5084
6381
2838
6232
3581
2190
3394
6298
7237
2513
695
1971
6490
8892
2762
3865
9371
4002
6116
1935
1352
61
93
5841
1214
9464
6692
3738
2187
9430
6523
4626
7999
2577
8303
2919
5267
5779
3350
4582
9892
3114
65
6694
839
9052
8065
9234
6145
168
8405
9809
4254
804
8161
7508
127
3896
475
2171
497
7271
8031
820
2920
2917
5443
1969
1275
4681
6964
5348
3800
4688
8047
826
2408
7499
6044
146
9549
4439
5492
601
7096
2071
2403
643
3432
6288
8984
1719
5549
3345
5114
4455
5738
2524
4645
8427
5016
1877
9346
8841
5783
2871
6276
1587
8799
9405
5007
7422
2293
4436
4899
3674
5834
2074
7990
2578
3309
7058
7007
6514
6609
5864
1406
1024
7353
5003
9946
4857
9103
460
1187
1545
868
6914
8837
6101
1378
1527
6142
2825
4333
882
5110
5913
151
2193
4125
2502
5587
1843
8868
7120
9282
9808
7153
5634
1593
5926
2245
6495
7764
3441
506
1942
3715
3301
2102
1156
2
7915
5533
3367
8231
2870
931
2171
7621
5585
5982
2211
6205
55
1849
2341
1604
5550
3541
1762
6175
1744
507
2384
6315
5736
1181
5430
1929
182
9082
3396
278
1439
1936
2045
1993
3924
6107
3426
2054
8876
4332
2460
607
3281
581
2373
6954
6900
5856
307
5694
6638
1263
3378
3975
9205
2783
1149
8745
5127
5526
2841
5953
6453
1451
5886
8486
8799
1396
5555
7183
4184
4698
7557
590
4406
1242
5379
1402
2984
9589
8633
3754
2900
2454
1655
2797
4332
7203
1614
8551
8428
7821
2375
6534
931
1602
559
8691
7436
5298
5938
3587
7736
4206
19
8541
9401
4972
6357
7990
6957
6183
2361
9144
1141
7460
8869
8177
4962
3887
3325
24
6075
1828
7857
5594
4332
5017
3107
9650
9647
232
3251
9064
4352
5243
9001
7504
2543
288
7405
2627
1255
1868
2806
3851
8630
2524
7694
887
4265
4678
2063
3854
7190
5278
9485
5105
3989
3460
5838
5433
603
8683
2394
608
8532
8581
6907
395
7004
6329
3121
7860
4155
7879
821
4999
1915
6130
6472
5282
1879
8908
7271
2559
4113
4624
5789
8702
1824
2408
3749
8203
5301
7486
5434
6064
9512
7904
8014
3971
7924
9837
227
2847
2987
2011
745
640
279
8251
1845
4440
7807
2693
2074
4191
5874
8413
3350
7335
9459
439
6748
7709
6400
6678
4857
9147
2113
7440
8917
8555
2746
1069
8552
1078
2189
7790
9815
4747
3615
8715
1786
2411
7493
9541
3323
9760
4299
6746
7260
190
128
6470
1893
1954
7522
8246
2826
1559
3313
6408
4517
8743
7683
7919
8949
8078
5300
1443
514
4299
999
7333
1083
9760
9885
9504
4446
920
944
5498
4723
5304
9933
41
4774
3326
861
9443
992
1174
4622
6574
545
8924
8610
7335
6332
9563
7332
3790
7438
1108
9218
4909
5452
5274
4091
8825
4808
6074
5591
4866
6575
3561
5773
6613
4675
4277
133
1536
9968
845
8411
2149
1501
7197
924
6568
482
4849
1905
4403
8864
9258
1061
7897
5408
2847
9028
6374
7276
2027
2850
2549
5588
5204
4500
6044
5231
3868
7023
3938
3807
8816
7212
3617
1486
6686
5589
8215
8314
5571
3343
7974
2011
4578
1667
8394
1469
9937
1531
9499
4063
9598
9525
7736
9046
1502
1463
548
4286
1030
5663
4717
4143
7043
9813
7558
6920
787
1441
1431
2154
342
6242
2955
179
7967
306
3335
3574
1205
3939
1386
9956
1127
5493
2431
9993
5276
9448
1231
2069
711
6969
132
421
2889
8427
5928
6621
1217
35
4109
9477
4718
7295
6998
61
9814
899
7121
9262
7375
9202
8664
175
8298
9798
1693
7216
1167
3245
7891
199
4723
8304
6907
7765
6967
7248
8508
3779
8235
4047
8652
9470
879
937
6427
9037
8265
2573
751
5947
210
4508
505
6437
9147
6748
6758
3089
2894
5545
4562
6441
9247
5705
3527
2819
6113
4794
3988
1630
6373
8219
3177
2955
8845
6308
2510
1701
7646
6370
6274
3823
2596
1619
5265
4121
8095
3578
3423
14
4827
8592
7378
3933
7854
8727
4268
8178
9803
3980
453
6561
4099
1961
9015
7358
7531
868
3
1915
5320
9975
7617
6527
9447
5612
8628
5760
1513
2581
7772
269
2444
5158
6549
9690
5781
6912
9549
3848
2648
9626
6515
5744
4522
45
1883
8572
3566
7901
606
6787
5996
7792
8622
9599
1840
2204
6582
5629
4558
2097
3648
1744
8739
9039
4049
5810
4310
8869
783
1880
8446
3704
4418
3136
5437
7661
2056
8810
5482
4451
3283
7936
9884
9968
8397
3171
5490
5366
716
9844
8000
7505
9232
8844
4228
8528
136
905
9927
5821
8837
8853
8543
3547
4743
7300
1360
7195
4563
4170
259
1259
5846
6582
7359
1243
5651
5167
7171
3406
3880
9194
8213
2842
5359
3877
1973
4683
4640
7891
5467
7626
2532
9781
8112
8485
7668
6657
7608
1148
5680
9841
8764
5831
3403
6858
9350
631
3027
6839
7237
8984
6415
5842
7153
4175
5650
9007
9704
8246
7900
4565
3335
2321
7919
794
3092
6060
302
6554
1768
1363
8498
2435
1786
9405
4422
8223
1542
9030
562
1647
9149
1368
4374
1825
5366
85
6620
5054
4402
9460
3887
8915
9773
3813
1243
2313
4097
179
9754
8355
6404
2629
9389
5364
3201
9744
6364
826
4180
2269
1716
9995
8751
5202
3023
3994
1610
8368
5010
4630
2087
7353
6511
5327
3907
8363
7275
54
169
7902
4026
2113
5505
8821
8950
6759
7253
3236
1759
9022
6739
3023
412
142
543
6107
4111
5473
8880
788
8743
106
3707
8409
5391
3648
6077
5575
1332
3813
1265
5601
1363
4903
9329
2601
4785
5970
7562
126
3732
9599
792
2625
7951
4030
7360
3733
171
6267
6237
6756
3344
8752
1649
104
3059
9255
6349
4653
8425
5034
5997
784
2010
4633
5834
8595
5121
4359
6723
4576
207
9106
3270
9991
2688
1037
5287
7062
2709
252
2579
6004
1856
7291
4239
1131
2447
458
5977
9632
3391
2153
3632
5311
305
3036
9552
3655
618
1980
4677
6800
2149
3178
2513
2197
8771
6784
5496
8097
2723
5094
6088
1946
5756
9854
4503
2837
7687
3261
3620
4468
7337
9190
7711
6979
3534
9668
693
9787
4306
4899
9684
7440
4008
6732
4589
7710
221
7852
4967
4155
3463
2207
7503
5912
1256
78
4093
8169
2494
4387
8979
5215
348
7652
9327
2367
3123
1444
767
4145
8762
5697
9828
6726
7390
7099
4286
326
4194
4499
1559
7606
9991
3963
9069
3843
5526
1871
9719
205
5386
8976
1192
4883
1580
8041
9313
1831
4358
2240
305
8877
2377
2731
8888
2101
9625
2619
4617
7523
8645
2826
542
2455
8149
1197
6373
1150
1149
3510
263
5349
5310
1944
8425
1620
9132
6423
1052
6575
3850
6268
7568
5460
2848
6339
4629
1698
2863
4993
5457
1399
6475
8453
1822
8371
1399
5145
8555
8270
7775
8645
6290
579
3166
4016
8442
6056
2848
9796
291
2459
114
4221
3006
6986
6118
2750
7807
8991
6178
1680
3403
4982
2184
2599
5116
8717
3424
484
8835
615
2833
3216
4828
7388
4686
2364
3069
6545
2301
4626
3817
6831
8260
7655
1185
2115
7948
7760
9946
4113
2792
9357
6298
7350
2302
3206
3931
3465
4819
7521
5042
9340
2278
2109
1129
7749
18
2271
7432
6980
4055
1478
7859
2912
5075
8973
93
8994
2825
4460
4538
8237
8547
6475
8033
7881
7524
7509
4785
6923
8390
9956
8699
1922
258
2655
2877
6897
7503
2461
7534
3700
3297
5524
2629
5440
2690
595
8036
1660
2799
6152
1602
4614
4425
6879
8967
4739
8476
3303
640
6695
2172
2610
594
9901
8954
458
8795
3556
5911
2395
5316
6598
4624
1376
8354
229
6423
8654
5228
7220
3522
599
1079
9040
1389
9820
2829
6954
7786
850
525
2994
3769
9439
2891
6432
6386
5841
8632
6978
1823
524
2060
3917
5431
1918
5696
8626
117
9649
5528
3888
4007
4060
1469
4271
5618
6438
1273
1792
6739
632
667
9998
528
8686
7851
5600
1565
1674
376
5071
7227
9924
2108
3135
5755
6050
7649
3179
8496
688
6653
5073
1682
4781
1768
4679
8654
9121
9374
9257
923
2702
7216
9457
1159
1027
6741
4241
5984
8167
6142
9343
6847
7592
2087
9054
7071
432
3946
8085
5260
8096
6893
814
9286
3548
2299
7693
1700
6259
8641
1883
9525
6473
7774
5390
4945
1330
9821
6342
1374
8109
3280
9991
6640
3947
9506
9870
2952
1899
9774
6498
2524
1492
1118
7961
6375
8302
732
9124
1191
9053
7588
2583
8213
1963
1818
1033
514
9632
5704
8324
9340
7313
6288
2394
2832
3170
7936
9509
1513
361
5107
7912
4374
8001
2467
5815
7002
6631
2397
2447
1229
3733
4157
1460
5664
9865
1688
7830
2334
7617
8953
2175
2670
9141
2755
3755
7668
1040
6837
756
4999
7644
4699
9690
8109
6522
6033
9707
2003
7851
4851
212
9033
9470
8527
3364
9082
8343
3404
4777
281
2551
1652
8650
7702
4126
6589
208
6512
6442
7157
6306
3173
5194
3291
2444
5829
1187
3643
8138
4885
5678
2273
3990
6447
749
7775
764
7958
536
9001
2647
6119
3897
8750
8330
5547
5679
7153
1357
5433
4707
9813
721
3720
2181
535
1202
4786
2177
2517
696
7733
3188
1277
3626
3523
3557
2688
8320
3177
4338
2213
4787
8460
3720
9945
3555
703
9822
3684
3396
4609
9343
632
8550
3748
578
9363
6896
8888
2072
7731
8457
3286
5665
3033
562
8153
1691
4662
5459
710
9096
4034
2928
7340
4506
9131
2936
8662
9246
2218
1690
334
5603
7490
4997
188
3477
8546
2698
6267
5914
7610
8000
1757
2088
7626
4116
4133
4866
9221
9722
4306
1885
564
8628
5515
1459
1192
2030
1733
5987
3079
8964
5666
5010
3911
6513
7524
370
5993
3381
8000
6813
9277
1553
3821
9103
5667
2642
7979
1534
7042
7288
9120
7191
7089
1474
8429
2325
6354
8473
7488
8304
4527
8485
3331
6448
5548
9359
8193
9197
1772
5060
9241
4437
3616
3458
2683
792
378
482
3359
5396
528
9683
693
616
91
8463
902
5367
1087
4220
4490
3595
7093
2049
1731
5378
2436
6322
8423
9130
1743
8778
6107
4325
7560
5461
3514
3769
5857
615
5093
4727
723
2124
404
4117
8903
7309
8843
5658
7362
364
2535
9974
303
6476
4152
3260
9540
4927
393
8236
9157
4478
3082
2929
8487
1983
895
772
7837
4982
4417
9051
7887
1834
7090
9042
5417
5650
9566
5076
5760
940
3821
7542
1022
5850
4724
2400
3886
2986
7132
937
5108
8929
762
6302
9731
4211
8093
398
498
4161
5703
3221
649
5151
546
1507
3429
5809
4308
9673
1531
8369
8493
1023
6089
5920
6637
1013
8232
2935
5491
4116
4110
6632
480
3311
9824
2406
3657
59
6708
1885
1611
601
1524
6496
3209
6524
511
46
4881
8028
5321
591
2205
5733
8323
7888
2646
1932
6853
7033
1858
3712
7720
9272
9262
7353
9328
7852
8775
351
7974
5391
2529
7305
68
2496
9003
817
2346
2445
4282
6049
2381
3482
7921
6812
8575
2480
5938
9531
1386
9589
7023
1986
4101
19
8025
2463
6009
6664
5594
5486
6878
6010
2558
5548
2526
1476
1307
8038
1355
7378
6033
2748
9148
6853
7964
6248
1298
9875
2359
5957
8793
9230
4459
4318
7515
863
8342
1445
1102
9727
2790
1484
3806
4658
2484
2627
6149
128
9981
1727
7782
9329
8427
8003
8313
9253
4915
5869
1552
8029
4872
7327
4920
4425
3309
201
4700
7487
9607
8656
1220
3413
4672
5837
8874
3099
3080
1732
2973
5416
3734
1615
5070
3887
6429
8455
3960
8237
8970
4607
2701
4978
6681
7356
5579
9994
310
6597
109
951
3025
83
5950
2909
2124
2229
8152
921
670
2851
6378
6367
9914
8620
2297
4430
3193
2702
9789
4978
7923
6193
3916
6951
4701
129
516
2404
9005
8199
50
3147
4233
4434
4736
796
3565
4967
7770
6529
5851
5618
6977
8521
3164
3992
9001
8356
1957
6507
2813
7736
1733
9241
7298
1278
8042
8417
9385
3228
6260
994
2846
6352
9905
3410
1214
7413
6680
5641
581
8437
3537
392
6005
2604
6913
5400
4371
8052
7411
8115
6491
2627
642
6121
6691
8765
6019
5728
8013
3270
7695
3548
6967
4792
4895
2983
3180
8238
8400
7725
2461
3163
3461
310
6154
3274
204
817
7066
4931
1225
1833
3115
8662
590
4102
707
3559
5644
2963
5605
6614
2323
9832
7999
313
5109
2916
2847
5753
3897
4360
8454
3542
1052
8066
3557
3048
2770
1093
2916
227
2457
9009
9026
3605
1246
4341
4614
4368
9593
9742
5075
879
9860
8009
1707
870
9161
4589
9899
9274
1945
4894
9507
7290
3352
7184
8025
6985
1798
3177
6083
7785
3881
7152
4738
1526
3206
5960
8319
5884
2702
5747
669
917
6053
4293
2286
1363
2110
9766
2130
2918
9281
6483
7162
9515
4383
2595
9162
1858
3293
1889
5404
906
3323
3866
3314
1979
4169
7044
8627
2367
7183
2280
6823
2494
7290
3694
5886
2836
679
4020
3482
7873
9592
8107
9773
8302
8243
6671
6956
1495
3370
6928
5827
4009
3493
7985
7155
7241
9691
3421
422
1566
2720
3697
4435
3868
5928
8681
1901
6590
7866
283
1414
8223
9600
8698
336
597
7194
9016
5540
1067
1314
1276
684
1882
6954
9052
4122
1299
209
7062
1996
2555
8805
8241
967
9123
6531
3659
3312
2195
7130
574
6266
7555
8013
3092
5849
8342
5590
9955
4261
5795
6344
104
9882
7393
4990
1404
6540
8526
6287
1461
248
7564
3970
7948
7126
3177
5790
182
203
425
9754
5153
6314
5346
1588
1277
4618
9620
5149
7780
851
4947
9665
1207
7986
9618
6084
2023
5869
6942
1080
3789
8272
6772
7131
6742
4677
5696
9582
5295
433
7379
5312
2681
9275
8720
3912
1816
4169
2627
1602
6046
4739
4846
7520
4063
1992
7602
9362
1104
7567
6694
4545
9569
4566
5335
2181
8805
8950
7644
998
9530
9976
7045
2591
7673
3280
4112
6974
3035
5336
6551
792
7333
5160
7993
2362
1346
3328
4531
1163
1916
680
3819
7693
5895
9231
2441
226
8650
2479
4035
3755
7338
5810
3427
7275
2613
7006
4999
2618
6616
603
8916
9813
5294
6710
5784
3011
6373
4270
3083
227
3390
443
8529
2241
7153
6254
5295
3191
3243
8867
4711
96
3413
7540
3681
7384
2898
904
6952
3951
6261
9448
4303
2172
7628
7809
9230
3998
7469
7637
5645
3310
2811
2780
5947
3824
5781
4665
7019
2360
539
8599
4988
7850
1438
1570
4468
1817
6435
4193
5112
8657
7812
7105
6954
5169
9235
5790
5856
3903
6492
1722
6653
9407
7718
4528
3134
3439
805
9426
7603
9226
3455
3326
1623
5500
616
9535
2142
7476
5949
7424
6155
5781
4442
3051
6395
4135
6296
9360
2017
2748
1591
4977
9807
4412
9667
9322
6926
3393
6006
3902
9706
3039
2282
8444
1340
5595
3689
1056
9685
556
5123
1606
7396
4415
6011
7370
7061
1588
8639
8635
9511
3910
6817
7694
4695
728
7207
5438
8750
3115
3292
3824
1156
4316
2528
3205
9279
4282
1779
8857
3004
885
2041
1161
6617
4098
6315
1554
3644
9595
4922
3491
2068
9699
432
9796
2762
7319
4357
3888
1331
1488
971
2014
5013
6934
9190
3710
4467
1886
1675
2926
3031
5843
9988
3564
5371
7939
9790
6118
6804
8816
1519
7597
8156
5911
3847
216
1867
5661
4658
357
4128
7157
886
10
5377
9695
2112
9786
9805
3387
886
9619
2602
9210
5672
787
9505
3925
823
3595
3650
9943
6098
8060
9892
981
3722
5086
9245
590
4369
912
3371
3470
579
3161
6301
8380
5888
4749
17
6163
6886
3451
9258
5006
1031
5683
8557
6125
6988
7525
6824
5460
5718
5349
7312
4130
1052
218
5766
2591
7590
9797
5414
5166
4181
9103
5499
5506
7213
811
4930
5885
7792
3963
2697
8147
4359
2047
484
9614
2992
3048
2012
6379
7871
7882
1588
3505
2594
2400
5881
4034
5126
4649
2805
9577
9279
4032
6577
9491
2168
7497
4501
1419
7223
551
5453
1854
7836
5979
9865
701
7862
3623
4865
6720
6034
8657
2659
6151
8209
7811
2523
7804
9732
143
1101
7812
759
1679
5234
2613
151
5578
8093
4370
8833
9795
1049
929
1417
8092
9665
9933
8004
6520
8235
9319
7218
6669
5810
9735
7963
8184
398
8929
2405
5419
2722
6803
2367
6305
4802
5531
7741
8611
8335
5749
8545
7923
4305
7329
8802
6197
5536
4179
6444
9965
8830
196
4980
1187
5364
6918
5157
3267
584
3061
588
9937
1688
8633
4316
9338
6710
2488
5423
4582
5583
5384
9290
3066
6553
7954
4220
3434
7193
3122
7011
4475
7823
6139
4427
821
30
6200
739
8328
1756
6332
8237
6758
2690
3435
1442
974
4864
2146
8976
5977
6017
8593
7106
893
166
2841
3050
8511
3409
7663
8221
5845
5344
3552
1739
2746
8196
6224
2953
2426
830
6523
8749
1549
9157
3212
8214
7185
9430
7195
4533
6431
8584
4641
1355
5440
2586
7464
9745
7049
428
4622
4926
6913
5415
8760
5689
7651
2986
4674
6491
7262
1186
5476
8799
7130
9300
1937
8889
3574
9114
1625
4657
5677
7337
9646
3867
2374
6027
4500
7700
1258
2925
7682
5082
5441
1927
389
152
6613
1731
5347
7693
1256
1244
1196
584
8338
7508
5629
1826
8162
7442
4751
2680
261
5319
2332
180
5701
6667
4289
3719
6265
409
7599
9813
6314
6948
3212
2956
7349
3572
6039
5730
9740
1440
6600
3083
4312
201
3429
8804
9385
3761
193
4415
5261
6679
